219,5
219,4
219,3
219,2
219,1
219,0
218,6
218,5
218,4
218,3
218,2
218,1
218,0
217,5
217,4
217,3
217,2
217,1
217,0
216,4
216,3
216,2
216,1
216,0
215,6
215,5
215,4
215,3
215,2
215,1
215,0
214,5
214,4
214,3
214,2
214,1
214,0
213,7
213,6
213,5
213,4
213,3
213,2
213,1
213,0
212,7
212,6
212,5
212,4
212,3
212,2
212,1
212,0
211,5
211,4
211,3
211,2
211,1
211,0
210,3
210,2
210,1
210,0
209,9
209,8
209,7
209,6
209,5
209,4
209,3
209,2
209,1
209,0
208,3
208,2
208,1
208,0
207,3
207,2
207,1
207,0
206,6
206,5
206,4
206,3
206,2
206,1
206,0
205,5
205,4
205,3
205,2
205,1
205,0
204,4
204,3
204,2
204,1
204,0
203,6
203,5
203,4
203,3
203,2
203,1
203,0
202,5
202,4
202,3
202,2
202,1
202,0
201,7
201,6
201,5
201,4
201,3
201,2
201,1
201,0
200,3
200,2
200,1
200,0
199,7
199,6
199,5
199,4
199,3
199,2
199,1
199,0
198,3
198,2
198,1
198,0
197,5
197,4
197,3
197,2
197,1
197,0
196,5
196,4
196,3
196,2
196,1
196,0
195,3
195,2
195,1
195,0
194,3
194,2
194,1
194,0
193,3
193,2
193,1
193,0
192,3
192,2
192,1
192,0
191,3
191,2
191,1
191,0
190,3
190,2
190,1
190,0
189,3
189,2
189,1
189,0
188,3
188,2
188,1
188,0
187,3
187,2
187,1
187,0
186,3
186,2
186,1
186,0
185,3
185,2
185,1
185,0
184,3
184,2
184,1
184,0
183,3
183,2
183,1
183,0
182,3
182,2
182,1
182,0
181,3
181,2
181,1
181,0
7,3
0,2
0,0
1,45
2,42
1,41
3,39
2,38
1,37
3,7
2,6
3,3
0,6
0,49
179,5
179,4
179,3
179,2
179,1
178,6
178,5
178,4
178,3
178,2
178,1
177,5
177,4
177,3
177,2
177,1
176,4
176,3
176,2
176,1
175,6
175,5
175,4
175,3
175,2
175,1
174,5
174,4
174,3
174,2
174,1
173,7
173,6
173,5
173,4
173,3
173,2
173,1
172,7
172,6
172,5
172,4
172,3
172,2
172,1
170,3
170,2
170,1
169,9
169,8
169,7
169,6
169,5
169,4
169,3
169,2
169,1
168,3
168,2
168,1
167,3
167,2
167,1
160,3
160,2
160,1
158,3
158,2
158,1
156,5
156,4
156,3
156,2
156,1
5,5
5,4
5,3
5,2
5,0
4,3
3,44
3,43
3,42
3,41
3,40
3,38
3,37
3,36
3,35
3,34
3,33
3,32
3,31
3,30
3,29
3,28
3,27
3,26
3,25
3,24
3,23
3,22
3,21
3,20
3,19
3,18
3,17
3,16
3,15
3,14
3,13
3,12
3,11
3,10
3,9
3,8
3,6
3,5
3,4
3,2
3,0
2,44
2,43
2,41
2,40
2,39
2,37
2,36
2,35
2,34
2,33
2,32
2,31
2,30
2,29
2,28
2,27
2,26
2,25
2,24
2,23
2,22
2,21
2,20
2,19
2,18
2,17
2,16
2,15
2,14
2,13
2,12
2,11
2,10
2,9
2,8
2,7
2,5
2,4
2,3
2,2
2,0
1,44
1,43
1,42
1,40
1,39
1,38
1,36
1,35
1,34
1,33
1,32
1,31
1,30
1,29
1,28
1,27
1,26
1,25
1,24
1,23
1,22
1,21
1,20
1,19
1,18
1,17
1,16
1,15
1,14
1,13
1,12
1,11
1,10
1,9
1,8
1,7
1,6
1,5
1,4
1,3
1,2
1,0
0,48
0,47
0,46
0,45
0,12
0,11
0,10
0,9
0,8
0,5
0,7
0,4
0,3
179,0
178,0
177,0
176,0
175,0
174,0
173,0
172,0
170,0
169,0
168,0
167,0
160,0
158,0
156,0
